taz,lon,lat
1,-122.41370249300,37.70949844400
2,-122.46369998200,37.70921529400
3,-122.42099829600,37.70978158000
4,-122.45688334600,37.70948647200
5,-122.41666375400,37.70984005700
6,-122.40849890400,37.70988143300
7,-122.41892611000,37.71148020400
8,-122.43372634900,37.71017636200
9,-122.45256302900,37.71066078800
10,-122.45906396700,37.71194275400
11,-122.44038133400,37.71209259800
12,-122.41970510600,37.71281062400
13,-122.44911440700,37.71192104800
14,-122.43571909000,37.71223973500
15,-122.40493053800,37.71280768100
16,-122.46686038200,37.71145764200
17,-122.41321507800,37.71298378300
18,-122.40894042000,37.71404910800
19,-122.44071390100,37.71395976000
20,-122.45911136300,37.71469448800
21,-122.43674671700,37.71519810200
22,-122.44782644300,37.71412730600
23,-122.40546938100,37.71612574600
24,-122.46912117800,37.71448579500
25,-122.46497042900,37.71629232100
26,-122.45435792400,37.71692021400
27,-122.40082767200,37.71597075600
28,-122.45287790600,37.71469033300
29,-122.45971470900,37.71714523800
30,-122.40481881900,37.71809180500
31,-122.48286835500,37.71688855600
32,-122.44339334800,37.71668075300
33,-122.43403199200,37.71693741100
34,-122.47971498500,37.71733120900
35,-122.45564394500,37.71913620000
36,-122.40404403700,37.71974517700
37,-122.42972802300,37.71809179800
38,-122.44634682700,37.71852310500
39,-122.43718242500,37.71873442000
40,-122.46428208100,37.71982266100
41,-122.46073966100,37.72003639500
42,-122.46932870100,37.72065609700
43,-122.44996161800,37.71962098400
44,-122.40087032400,37.72047159000
45,-122.45431453500,37.72125224900
46,-122.44365480500,37.72150954500
47,-122.42772675600,37.72128493200
48,-122.43899400300,37.72106379500
49,-122.40826489000,37.72171333700
50,-122.43360318800,37.72199475300
51,-122.40352835300,37.72313334400
52,-122.48325966900,37.72066736100
53,-122.45649377200,37.72290599800
54,-122.46081527600,37.72336501100
55,-122.44114403600,37.72466070800
56,-122.43638872900,37.72515878000
57,-122.40364167200,37.72599884700
58,-122.43099130000,37.72502079700
59,-122.46605164300,37.72400966100
60,-122.42112454900,37.72638277900
61,-122.42478775600,37.72512780200
62,-122.42819368600,37.72739022300
63,-122.40805876500,37.72647717000
64,-122.41768917400,37.72762659900
65,-122.44919498700,37.72624669300
66,-122.43443305600,37.72777560000
67,-122.38428438500,37.72880082500
68,-122.38971370500,37.72904468800
69,-122.42637520000,37.72932686900
70,-122.41128510500,37.72944090200
71,-122.44355790900,37.73013844600
72,-122.42319901900,37.73039404400
73,-122.45008619900,37.73029250600
74,-122.38802144800,37.73092273000
75,-122.41646606400,37.73062328500
76,-122.39388678000,37.73130605200
77,-122.43317985200,37.73078522000
78,-122.43716652100,37.73259545700
79,-122.40546227000,37.73025928400
80,-122.42953033900,37.73271809000
81,-122.49562711200,37.73145293900
82,-122.45747627700,37.73242703600
83,-122.49125751300,37.73183062700
84,-122.48720365900,37.73224814800
85,-122.48278812100,37.73275204300
86,-122.47754594400,37.73285349500
87,-122.41876068700,37.73357185700
88,-122.42499791100,37.73393755000
89,-122.40112737700,37.73267198300
90,-122.42297338400,37.73636353200
91,-122.46260900900,37.73355246200
92,-122.40935159000,37.73345224400
93,-122.49645397800,37.73519107500
94,-122.42899024600,37.73640178000
95,-122.44416702000,37.73389319900
96,-122.41529378700,37.73673405600
97,-122.43744695800,37.73625990600
98,-122.41833177000,37.73737566300
99,-122.50360801700,37.73676534500
100,-122.41315947800,37.73696837400
101,-122.42737695600,37.73875621300
102,-122.42202268900,37.73889172600
103,-122.46202278400,37.73828926900
104,-122.42690940600,37.74103216500
105,-122.41975331800,37.74094264000
106,-122.50016536300,37.73850193200
107,-122.42631189500,37.74278643700
108,-122.42224487400,37.74214108800
109,-122.46364102100,37.74155159100
110,-122.50570490200,37.74087907400
111,-122.50296039200,37.74092251900
112,-122.49686621900,37.74212277600
113,-122.42893699500,37.74396984800
114,-122.40885657800,37.74358851300
115,-122.47301716600,37.74410951000
116,-122.41826541800,37.74393208400
117,-122.45479650000,37.74249313800
118,-122.45950776100,37.74344917900
119,-122.42452118900,37.74509663900
120,-122.42916450000,37.74637064800
121,-122.47314721600,37.74597520300
122,-122.45655339500,37.74537458600
123,-122.42421827900,37.74708509900
124,-122.42033462900,37.74572360600
125,-122.41484963700,37.74741721900
126,-122.40788668900,37.74676484000
127,-122.42821836600,37.74864272300
128,-122.42207132600,37.74900978200
129,-122.41929407200,37.74937292900
130,-122.41708987300,37.74944690500
131,-122.50335519900,37.74651501600
132,-122.50060904300,37.74569774000
133,-122.41489837900,37.74954008300
134,-122.41023284600,37.74972710300
135,-122.40730613500,37.74992698300
136,-122.47761267700,37.74764869200
137,-122.43566271300,37.74954029800
138,-122.43172817700,37.74983874700
139,-122.42733932400,37.75090765000
140,-122.42316561100,37.75061755100
141,-122.41279431100,37.75042972200
142,-122.43858041400,37.75182298300
143,-122.42749310500,37.75250528000
144,-122.42299362200,37.75277488000
145,-122.46798108000,37.75106181700
146,-122.41448361900,37.75275055700
147,-122.43199952600,37.75263551300
148,-122.40466600000,37.75213214000
149,-122.41052725000,37.75272119200
150,-122.40774409600,37.75288736500
151,-122.45548182500,37.74943571400
152,-122.39916217200,37.75283569900
153,-122.50523060800,37.75204368600
154,-122.45088907300,37.75075758400
155,-122.49919341400,37.75186826400
156,-122.42315032100,37.75437196000
157,-122.41964066300,37.75297403300
158,-122.41744174600,37.75310881600
159,-122.43959152300,37.75380449100
160,-122.50542160900,37.75390743700
161,-122.43603255200,37.75440465600
162,-122.43222878400,37.75502981900
163,-122.49878167600,37.75419261900
164,-122.42772282300,37.75489981400
165,-122.42329894900,37.75597197800
166,-122.40027797600,37.75593768900
167,-122.44613996000,37.75093459700
168,-122.47800322500,37.75324409700
169,-122.47390072100,37.75428273300
170,-122.41439521300,37.75570380000
171,-122.40991251200,37.75597252500
172,-122.50559925600,37.75576898200
173,-122.42903640200,37.75722780000
174,-122.49892224800,37.75605588400
175,-122.48954075400,37.75647537600
176,-122.41863044800,37.75689969100
177,-122.44521368500,37.75745703700
178,-122.44185137800,37.75562001300
179,-122.43725795900,37.75721638300
180,-122.45022796700,37.75456362900
181,-122.43288611000,37.75807146200
182,-122.50577530700,37.75763178700
183,-122.42353196000,37.75837097600
184,-122.49904737800,37.75792471100
185,-122.41994428500,37.75890614000
186,-122.41021145900,37.75901879300
187,-122.48967231100,37.75833748300
188,-122.41470241300,37.75890182100
189,-122.40590766700,37.75692419500
190,-122.43669419200,37.75944859700
191,-122.41895486700,37.76074015500
192,-122.50597024100,37.75949503300
193,-122.49917744400,37.75979132600
194,-122.49408170900,37.75785943800
195,-122.44891379200,37.76007958800
196,-122.44448218400,37.75966999200
197,-122.39548753000,37.76136285400
198,-122.48980287600,37.76020429700
199,-122.44149067400,37.76068884000
200,-122.47367045200,37.76091746500
201,-122.43280385600,37.76102776600
202,-122.43723244800,37.76157748400
203,-122.46720145800,37.76120118300
204,-122.42384113200,37.76157100400
205,-122.41946729500,37.76263820100
206,-122.50615337800,37.76135564100
207,-122.49930880400,37.76165574800
208,-122.48993260100,37.76206949600
209,-122.40691183600,37.76285438800
210,-122.45048589800,37.76285745200
211,-122.47382444400,37.76277941600
212,-122.42926841800,37.76366289300
213,-122.46733150300,37.76306382300
214,-122.39594946700,37.76385312800
215,-122.46322633300,37.76285858800
216,-122.50633323600,37.76322371600
217,-122.44315388200,37.76299135300
218,-122.49944019500,37.76352729500
219,-122.49465302600,37.76233514800
220,-122.49006248200,37.76394154000
221,-122.42414771200,37.76478984700
222,-122.47396497700,37.76465359900
223,-122.41996524600,37.76452442800
224,-122.46746259600,37.76493847400
225,-122.46264241900,37.76514842200
226,-122.45944363300,37.76463180300
227,-122.45533505500,37.76508864900
228,-122.45004725300,37.76519275800
229,-122.44583230900,37.76590287900
230,-122.41874770700,37.76673308600
231,-122.42764880800,37.76646286700
232,-122.42445080900,37.76778313400
233,-122.45086586900,37.76728564500
234,-122.43730594000,37.76741761900
235,-122.44575952900,37.76831784900
236,-122.42094566300,37.76775984000
237,-122.44688595000,37.76953881400
238,-122.43414914300,37.76991652100
239,-122.43004590300,37.77029154900
240,-122.45206284700,37.76988322800
241,-122.44798463800,37.77083999800
242,-122.42399612200,37.77026762000
243,-122.42694530500,37.77112291500
244,-122.44305388900,37.77146701800
245,-122.43806726300,37.77210137200
246,-122.43384035300,37.77215811800
247,-122.43068178900,37.77237085000
248,-122.42470719800,37.77268670700
249,-122.42787073900,37.77349313600
250,-122.49176734800,37.77316580100
251,-122.48534016800,37.77345914800
252,-122.45273421900,37.77357647900
253,-122.44943842500,37.77398874800
254,-122.44615369800,37.77440978000
255,-122.42773283200,37.77532740300
256,-122.44286494200,37.77482933500
257,-122.49665742200,37.77387867000
258,-122.43946913400,37.77478919600
259,-122.42198362700,37.77606075400
260,-122.48547464700,37.77532532100
261,-122.48059094800,37.77461194800
262,-122.46987433600,37.77463254600
263,-122.46550437900,37.77531186500
264,-122.46231065400,37.77557044500
265,-122.43120097700,37.77585125800
266,-122.45651483100,37.77575958800
267,-122.42808874300,37.77718937800
268,-122.42545668400,37.77657399500
269,-122.50750141900,37.77525442100
270,-122.50375481200,37.77542631800
271,-122.50000515600,37.77559720600
272,-122.43804367600,37.77751892300
273,-122.49485805400,37.77614510600
274,-122.48561012400,37.77719011700
275,-122.44404103300,37.77743626700
276,-122.46883974200,37.77701669200
277,-122.43056975200,37.77850355400
278,-122.43907980300,37.77876087100
279,-122.49625211900,37.77829620900
280,-122.48574480500,37.77908491300
281,-122.42949706600,37.77988328900
282,-122.48086204100,37.77836949500
283,-122.43534752300,37.77961647000
284,-122.47020277600,37.77932608700
285,-122.46576461200,37.77905827700
286,-122.41536405700,37.78006662900
287,-122.46255277500,37.77920407500
288,-122.45727894800,37.77893738100
289,-122.45478501500,37.77968429600
290,-122.43105889800,37.78092743600
291,-122.50747775600,37.77911974600
292,-122.42538722400,37.78040744100
293,-122.50379057900,37.77908543100
294,-122.50028015800,37.77938520900
295,-122.49606354400,37.78054285200
296,-122.41208057900,37.78201597100
297,-122.47539046600,37.78148730700
298,-122.46944995100,37.78175551900
299,-122.41918680000,37.78310479000
300,-122.41662235100,37.78295094200
301,-122.43592275700,37.78247736000
302,-122.41498167700,37.78316152900
303,-122.43260401500,37.78290219600
304,-122.41260880400,37.78393832300
305,-123.00292123100,37.69812806300
306,-122.47552717300,37.78338300400
307,-122.46958952900,37.78365381100
308,-122.41617942300,37.78491646000
309,-122.46202260400,37.78239439900
310,-122.44053032600,37.78418828300
311,-122.44461718200,37.78413664500
312,-122.46070722700,37.78430155400
313,-122.33064704100,37.78336340500
314,-122.48555900300,37.78386489500
315,-122.48088641700,37.78430479700
316,-122.47563629100,37.78524934400
317,-122.45213404100,37.78535787300
318,-122.42304886300,37.78605477100
319,-122.41838934700,37.78750677900
320,-122.43751359300,37.78727437300
321,-122.43368921500,37.78728591000
322,-122.41858674600,37.78844047300
323,-122.45731478600,37.78728146200
324,-122.46357609400,37.78583532900
325,-122.43065984500,37.78801330300
326,-122.42698904800,37.78833697900
327,-122.41875633700,37.78937534800
328,-122.46128719600,37.78746573900
329,-122.44228392400,37.78876660800
330,-122.42370027400,37.78875484300
331,-122.44895475700,37.78884212900
332,-122.41383157700,37.79000146900
333,-122.40972213300,37.79052408000
334,-122.41848387100,37.79068890100
335,-122.44263272700,37.79054946400
336,-122.43233059600,37.79018008200
337,-122.44925496100,37.79058501700
338,-122.43750011800,37.79027481600
339,-122.41983003200,37.79177541500
340,-122.43288096700,37.79185317100
341,-122.41394848500,37.79300525900
342,-122.42443823400,37.79240890900
343,-122.42011406000,37.79326212400
344,-122.41239773700,37.79394822400
345,-122.41925084600,37.79458173600
346,-122.40863503900,37.79375667600
347,-122.43238268100,37.79416693600
348,-122.41367520100,37.79505393900
349,-122.43666582300,37.79389632100
350,-122.42827250200,37.79469028100
351,-122.42011905600,37.79567485900
352,-122.41010092900,37.79566120800
353,-122.42498388700,37.79510900100
354,-122.40680118200,37.79646246700
355,-122.41467872900,37.79611259100
356,-122.44365918900,37.79605573000
357,-122.40887364800,37.79710776500
358,-122.41948109200,37.79718551000
359,-122.43541118800,37.79662809500
360,-122.43212215400,37.79704672400
361,-122.41456000600,37.79779829300
362,-122.40424232700,37.79820694200
363,-122.42883338600,37.79746518300
364,-122.40997787500,37.79833891800
365,-122.44433943600,37.79780032700
366,-122.42554474300,37.79788311300
367,-122.42249750300,37.79810323800
368,-122.41906002500,37.79920447100
369,-122.44372613900,37.79919245200
370,-122.42894663800,37.79951123000
371,-122.41525678200,37.79958753000
372,-122.40423335800,37.80011338100
373,-122.40855160900,37.80009616000
374,-122.40672219200,37.80027758100
375,-122.41477808900,37.80094157500
376,-122.41141610100,37.80026421500
377,-122.44499804300,37.80043604900
378,-122.42702596100,37.80103949700
379,-122.44406140200,37.80174144100
380,-122.43082221000,37.80139946900
381,-122.41249844500,37.80280676000
382,-122.40968658000,37.80277200100
383,-122.42740136400,37.80290466900
384,-122.42315187600,37.82663714900
385,-122.41966188900,37.86199762200
386,-122.36764206600,37.72857225400
387,-122.36865395300,37.72238954800
388,-122.39107540700,37.72747577300
389,-122.39093066800,37.73191686500
390,-122.45018616900,37.73232704600
391,-122.44337220200,37.73231663600
392,-122.46465206500,37.73091936600
393,-122.46492439700,37.72815255000
394,-122.47333523800,37.73290904600
395,-122.47333507200,37.72899696300
396,-122.47018209000,37.73259291800
397,-122.46772401500,37.73240579100
398,-122.39592876900,37.73455959500
399,-122.39802265000,37.73155777400
400,-122.49981400600,37.71364723600
401,-122.49125968900,37.72248737800
402,-122.47860199300,37.71119091700
403,-122.43173782400,37.73470383800
404,-122.43414653500,37.73517550900
405,-122.45659661000,37.73594399400
406,-122.39232331200,37.73503566000
407,-122.39144821900,37.73737619600
408,-122.40120961000,37.73653423100
409,-122.40398339300,37.73764673700
410,-122.38495054100,37.73669974700
411,-122.38407033300,37.73233928000
412,-122.41322675900,37.73322502900
413,-122.41105675800,37.73710719100
414,-122.49258552100,37.73645033000
415,-122.48681660400,37.73490677900
416,-122.48735962800,37.73791627500
417,-122.47804774000,37.73827723200
418,-122.48241836100,37.73613409400
419,-122.48290129500,37.73809339100
420,-122.46591664400,37.73755545400
421,-122.46813313000,37.73595460400
422,-122.49666941400,37.73932537300
423,-122.49707154300,37.73743848100
424,-122.49184863700,37.73953780500
425,-122.48729479800,37.73973940200
426,-122.48300859000,37.73992852800
427,-122.47817545800,37.74014203400
428,-122.38911087000,37.73499673300
429,-122.38780062700,37.73949325000
430,-122.47313267500,37.73708879900
431,-122.46917132600,37.73972266500
432,-122.41393001700,37.74065869700
433,-122.41161220700,37.74097799500
434,-122.49198035800,37.74140195500
435,-122.48742641300,37.74160252500
436,-122.45251882700,37.73835886700
437,-122.44621746600,37.73900249900
438,-122.48314047900,37.74179137200
439,-122.47830143700,37.74200587100
440,-122.47289509200,37.74224409000
441,-122.47332906900,37.74035755000
442,-122.46817600000,37.74248431600
443,-122.37760116100,37.73028713700
444,-122.37338518600,37.74014052400
445,-122.38127393000,37.73580116500
446,-122.37653094000,37.73395913300
447,-122.41688287300,37.74286866900
448,-122.41648719700,37.74033749500
449,-122.49211018000,37.74326963600
450,-122.48755621300,37.74347014000
451,-122.48327134800,37.74365856100
452,-122.47842546300,37.74387161600
453,-122.41343860200,37.74327472100
454,-122.41332755100,37.74563471900
455,-122.44021303400,37.74002795300
456,-122.43330314800,37.73936547000
457,-122.44561563100,37.74328997100
458,-122.49224034800,37.74513318900
459,-122.48768589700,37.74533396000
460,-122.43468225300,37.74603976200
461,-122.43298993100,37.74359531800
462,-122.43912498900,37.74608898900
463,-122.44361015600,37.74553724200
464,-122.40830669900,37.74077872700
465,-122.40636637400,37.74331155000
466,-122.40471370000,37.74714965000
467,-122.40879688900,37.73843062200
468,-122.49237094000,37.74699599300
469,-122.48781635400,37.74719727400
470,-122.48078791200,37.74657404600
471,-122.48400330400,37.74643191800
472,-122.50627896800,37.74644933600
473,-122.50846007800,37.74523964800
474,-122.50764495800,37.73849133200
475,-122.49250151300,37.74886139300
476,-122.48794629700,37.74906253600
477,-122.44157036400,37.74946600700
478,-122.43763451500,37.74847253500
479,-122.47329023900,37.74783583300
480,-122.46748781600,37.74845543700
481,-122.46771902800,37.74552806600
482,-122.46392720500,37.74872363900
483,-122.39638106400,37.75079807900
484,-122.40424766600,37.74034828900
485,-122.40139879300,37.74334637600
486,-122.39903183500,37.74683906400
487,-122.39477671400,37.74848936800
488,-122.39558847300,37.73990943100
489,-122.39218317600,37.74263151300
490,-122.39005075400,37.74550074600
491,-122.38987644800,37.75012876300
492,-122.38218236800,37.75053813800
493,-122.37927200400,37.74461623600
494,-122.38567946000,37.74313724400
495,-122.38123359100,37.74054049900
496,-122.49711364600,37.74898228800
497,-122.49751589000,37.74547681400
498,-122.49263191500,37.75072461700
499,-122.48807596900,37.75092718700
500,-122.47351336500,37.74968694000
501,-122.47345151900,37.75158278000
502,-122.46378659300,37.74531826300
503,-122.46172372100,37.74935153500
504,-122.49276250700,37.75259035000
505,-122.48820811100,37.75279286600
506,-122.48372727800,37.75018477200
507,-122.48051178000,37.75032668100
508,-122.48177873100,37.75307710300
509,-122.49289249200,37.75445810700
510,-122.48833820000,37.75465970200
511,-122.48190866700,37.75494293800
512,-122.48505910000,37.75386869000
513,-122.46616628100,37.75567052300
514,-122.46627145700,37.75383763200
515,-122.48203872100,37.75680638300
516,-122.47826368200,37.75697246000
517,-122.46073654200,37.75417221700
518,-122.45634598300,37.75513451700
519,-122.39381676300,37.75502940100
520,-122.39662987800,37.75893502900
521,-122.38851593000,37.75810931200
522,-122.38691709800,37.75389553900
523,-122.47162171200,37.75759063800
524,-122.47020186100,37.75466152100
525,-122.48216827800,37.75866840200
526,-122.47839312500,37.75883465500
527,-122.47517416600,37.75805695200
528,-122.47097967100,37.75934375500
529,-122.46653524700,37.75935945600
530,-122.46642599800,37.75750132600
531,-122.48229947800,37.76053502100
532,-122.47853989700,37.76069735600
533,-122.42940066200,37.76042667100
534,-122.42715159800,37.76056195700
535,-122.39101086300,37.75558362000
536,-122.39156559000,37.76093841100
537,-122.41501053600,37.76211462400
538,-122.41055359600,37.76238039100
539,-122.40290132100,37.75298093600
540,-122.40499246600,37.76060318800
541,-122.48242997200,37.76240015100
542,-122.47869515800,37.76256277000
543,-122.40286917300,37.76283730500
544,-122.39997243800,37.76302242900
545,-122.45748928400,37.75862684200
546,-122.45488914000,37.76264280900
547,-122.46009044500,37.76175914400
548,-122.51068551200,37.76025326600
549,-122.50966637100,37.75293732200
550,-122.50504371800,37.75018167400
551,-122.48525240700,37.75816247000
552,-122.48578046800,37.76263444200
553,-122.44803875200,37.76302578000
554,-122.44541391400,37.76392749400
555,-122.48256064900,37.76427302200
556,-122.47883516300,37.76443732800
557,-122.39095974600,37.76549793000
558,-122.38920355400,37.76238198400
559,-122.38421637600,37.75945218800
560,-122.43333539100,37.76325225100
561,-122.43023209300,37.76542449400
562,-122.44101160000,37.76528779600
563,-122.43768320300,37.76401465000
564,-122.43453667300,37.76746371900
565,-122.43382431800,37.76479793900
566,-122.43231815400,37.76759399800
567,-122.42957678700,37.76825694300
568,-122.41197949700,37.76713593900
569,-122.40920562200,37.76709049000
570,-122.40623472800,37.76714780000
571,-122.40330366300,37.76728333500
572,-122.39956986500,37.76675190800
573,-122.40097132700,37.76948074500
574,-122.44140073200,37.76856941400
575,-122.43758670700,37.77035275400
576,-122.50355051600,37.77262716100
577,-122.49980179800,37.77279857700
578,-122.42051824800,37.77303647800
579,-122.41972878400,37.77051581500
580,-122.50573225900,37.76780362700
581,-122.49614202800,37.76874970000
582,-122.48464584500,37.76865696300
583,-122.47469364000,37.76962339900
584,-122.45842349100,37.77277368200
585,-122.45697646300,37.76939788200
586,-122.46614553600,37.77093864800
587,-122.42347725800,37.77371570800
588,-122.42122882400,37.77446828500
589,-122.41526742200,37.77091944900
590,-122.41564930000,37.76828309600
591,-122.41764325100,37.77317680900
592,-122.41532678200,37.76533426700
593,-122.47730664200,37.77382625400
594,-122.47377106000,37.77398793000
595,-122.41358963700,37.77344779200
596,-122.41160858200,37.77500885200
597,-122.41206277100,37.77220269000
598,-122.41007934200,37.77376518700
599,-122.40835222200,37.77112536900
600,-122.40442295900,37.77578166200
601,-122.40287844900,37.77454990400
602,-122.40133217500,37.77331776400
603,-122.40664559800,37.77402525500
604,-122.40510753100,37.77278423300
605,-122.40355437500,37.77156172400
606,-122.40246924600,37.75907853400
607,-122.39960994100,37.75918431400
608,-122.41671088900,37.77591483000
609,-122.41514601600,37.77466751300
610,-122.43552166400,37.77624600000
611,-122.43514051700,37.77438375700
612,-122.47744281800,37.77569185800
613,-122.47390923900,37.77585318300
614,-122.45276573700,37.77619839000
615,-122.44852097800,37.77702351300
616,-122.47757861600,37.77755537700
617,-122.47404512700,37.77771579900
618,-122.42126310700,37.77877849800
619,-122.42317922500,37.77782011000
620,-122.41474086300,37.77748110100
621,-122.41285164600,37.77897071000
622,-122.41317196200,37.77622998700
623,-122.41128506600,37.77772170500
624,-122.49103644500,37.77790451900
625,-122.49083656600,37.77508097500
626,-122.40973729100,37.77648926500
627,-122.40751404200,37.77824710800
628,-122.40528578300,37.78000765600
629,-122.40819341700,37.77525721400
630,-122.40596892800,37.77701444900
631,-122.40374242000,37.77877370400
632,-122.39082817700,37.77908259200
633,-122.38896684200,37.78065288200
634,-122.47771683600,37.77944972300
635,-122.47418240500,37.77960862200
636,-122.45984068200,37.77931931100
637,-122.45960639200,37.77579755100
638,-122.40219687900,37.77754098500
639,-122.39996874400,37.77930048000
640,-122.39774169500,37.78106172300
641,-122.39619738000,37.77982919500
642,-122.39465343500,37.77859469900
643,-122.39842628400,37.77806904100
644,-122.39688113900,37.77683426200
645,-122.40065303500,37.77630888000
646,-122.41843069400,37.77937837800
647,-122.41825533900,37.77729742100
648,-122.41880056300,37.78122146400
649,-122.38699791800,37.76852014000
650,-122.38802337300,37.77204588200
651,-122.39646125800,37.76611554800
652,-122.39607924700,37.76856617100
653,-122.39405705900,37.76931800000
654,-122.39429085800,37.77232978100
655,-122.38828950700,37.77457224600
656,-122.39936799100,37.77170888400
657,-122.39492765600,37.77528437100
658,-122.45069541600,37.77915478100
659,-122.45079247500,37.78134272500
660,-122.48910529200,37.78086347000
661,-122.48535410000,37.78103813500
662,-122.44260493300,37.78092113900
663,-122.44565115400,37.78042264900
664,-122.40151478400,37.78053311700
665,-122.39928607400,37.78229315100
666,-122.41062740600,37.78072766300
667,-122.40859132300,37.78244461400
668,-122.40722484100,37.78093263100
669,-122.40906123500,37.77947948200
670,-122.43976197700,37.78242305500
671,-122.43922135600,37.78055624600
672,-122.40305938900,37.78176784800
673,-122.40083008700,37.78353039500
674,-122.48924060800,37.78276184000
675,-122.49234213000,37.78161251100
676,-122.48274008100,37.78208793400
677,-122.47999568900,37.78127644700
678,-122.41014468400,37.78425370300
679,-122.40859503200,37.78456939800
680,-122.42931527900,37.78331079700
681,-122.42606304800,37.78371613100
682,-122.42282248100,37.78374650100
683,-122.42219239000,37.78128890200
684,-122.40629818700,37.78406099200
685,-122.40499986100,37.78268761400
686,-122.45236986100,37.78300987900
687,-122.44812664200,37.78362174600
688,-122.51203077000,37.77938008000
689,-122.51001683700,37.77300147500
690,-122.39860223400,37.78528839700
691,-122.39705867800,37.78405243500
692,-122.39551481300,37.78282078400
693,-122.39397293800,37.78158874500
694,-122.39242676400,37.78035370100
695,-122.43640149100,37.78480528800
696,-122.43307039900,37.78523253800
697,-122.45685277400,37.78495545200
698,-122.45670532000,37.78264850200
699,-122.41983976200,37.78636597700
700,-122.41946238600,37.78450041000
701,-122.41965755700,37.78543191500
702,-122.41289553000,37.78533018700
703,-122.40960312100,37.78574780900
704,-122.40978746000,37.78668139200
705,-122.42977911300,37.78564046200
706,-122.42652114200,37.78604397700
707,-122.41655407800,37.78678286100
708,-122.41636542000,37.78584792900
709,-122.44817375400,37.78607958400
710,-122.44509966400,37.78651345100
711,-122.41307780400,37.78626468600
712,-122.41326889400,37.78720153800
713,-122.40997499500,37.78762108300
714,-122.44192020600,37.78691814300
715,-122.43997691700,37.78571874300
716,-122.48121588900,37.78653021700
717,-122.47504266400,37.78666066900
718,-122.45268487700,37.78698930200
719,-122.48679897400,37.78669334900
720,-122.48897524400,37.78492362600
721,-122.46952086700,37.78707579900
722,-122.46969490600,37.78551939200
723,-122.38680615000,37.78701015100
724,-122.38975890600,37.78493637800
725,-122.38790225300,37.78390353700
726,-122.39174312700,37.78333425100
727,-122.39011725500,37.78210760000
728,-122.46576429600,37.78660435700
729,-122.46549777400,37.78291630600
730,-122.39638270000,37.78704391400
731,-122.39439175300,37.78861681000
732,-122.39483459000,37.78580964100
733,-122.41345320100,37.78813624000
734,-122.41364235700,37.78906895700
735,-122.41034816900,37.78948862700
736,-122.41015868800,37.78855443800
737,-122.50268051200,37.78624486100
738,-122.50622346000,37.78243642800
739,-122.49772979300,37.78366054200
740,-122.39948935900,37.78951715200
741,-122.39792887600,37.78827623700
742,-122.40171053300,37.78776209500
743,-122.40015105600,37.78652216300
744,-122.40394353400,37.78600550000
745,-122.40238079200,37.78475880100
746,-122.40788470400,37.78980104100
747,-122.40769428400,37.78886849700
748,-122.40751204100,37.78793468300
749,-122.40732613400,37.78699299900
750,-122.40713136100,37.78605582700
751,-122.40711686600,37.78519557600
752,-122.40628961900,37.79000319700
753,-122.40609861300,37.78907016400
754,-122.40592062600,37.78813658300
755,-122.45755556700,37.78931401500
756,-122.45408072400,37.78985527200
757,-122.45378302900,37.78822631400
758,-122.48837388200,37.78826279100
759,-122.49207389900,37.78499213400
760,-122.41402134900,37.79094497600
761,-122.40991498500,37.79146589700
762,-122.39091794500,37.79136639600
763,-122.38870934000,37.78985388900
764,-122.39263709700,37.79000346100
765,-122.39108880600,37.78876737400
766,-122.38942895500,37.78756306000
767,-122.39284352300,37.78738196500
768,-122.39326326600,37.78458003600
769,-122.42772645300,37.79199212200
770,-122.42572693900,37.79041741400
771,-122.41421270900,37.79188438700
772,-122.41071972700,37.79262754100
773,-122.39793240900,37.79074419300
774,-122.39705138900,37.79143886000
775,-122.39617393200,37.79212982100
776,-122.39529450900,37.79281791100
777,-122.39441606200,37.79351221300
778,-122.39200141800,37.79306170800
779,-122.39286554800,37.79227584300
780,-122.39374568100,37.79158009400
781,-122.39462355500,37.79088886200
782,-122.40627174800,37.79382034000
783,-122.40608814300,37.79291375100
784,-122.40645916300,37.79093740500
785,-122.40589327400,37.79197386800
786,-122.40489951400,37.79113395100
787,-122.40370261300,37.79321530900
788,-122.40350685500,37.79227561800
789,-122.40331380000,37.79133450200
790,-122.40205471700,37.79342461000
791,-122.40186239000,37.79248490600
792,-122.40662153900,37.79558235200
793,-122.40645078600,37.79470223000
794,-122.43988670700,37.79369122200
795,-122.44382863800,37.79222277600
796,-122.44416096000,37.79407092000
797,-122.40219292400,37.79704072300
798,-122.40200241400,37.79615234300
799,-122.40433187200,37.79631728700
800,-122.40406731800,37.79499853500
801,-122.40389106000,37.79412183400
802,-122.40241560900,37.79520020700
803,-122.40224456800,37.79432858700
804,-122.40100680000,37.79535966700
805,-122.40083067100,37.79448971200
806,-122.39570747500,37.79425809200
807,-122.39374110800,37.79411098700
808,-122.39332798200,37.79541800500
809,-122.39580190900,37.79554392600
810,-122.39729518300,37.79495498400
811,-122.39848597100,37.79480364100
812,-122.39966278300,37.79465365400
813,-122.39864340800,37.79568019300
814,-122.39732390800,37.79778678500
815,-122.43853455400,37.79957618300
816,-122.43856045900,37.79732048300
817,-122.42291548400,37.80156086800
818,-122.42099256700,37.80038232700
819,-122.43413617600,37.80165382100
820,-122.43423269700,37.79914583300
821,-122.40446968400,37.80193243700
822,-122.40692380400,37.80335936400
823,-122.40579389000,37.80299575100
824,-122.44070269700,37.80208354300
825,-122.43826609700,37.80238475600
826,-122.40103001000,37.79882228100
827,-122.40173234600,37.80183033400
828,-122.39833968500,37.80207675100
829,-122.40283146900,37.80419731300
830,-122.39933598100,37.80020582300
831,-122.41582229300,37.80241155100
832,-122.41726887200,37.80430113400
833,-122.41395739900,37.80469526600
834,-122.40932263000,37.80518802800
835,-122.40549511600,37.80559473600
836,-122.42366389900,37.80529378200
837,-122.42328086100,37.80342749600
838,-122.43985759500,37.80565754400
839,-122.43547490200,37.80597665700
840,-122.44570118400,37.80512711400
841,-122.44812098800,37.80292160500
842,-122.44443803000,37.80360630100
843,-122.44786796200,37.78760671400
844,-122.42822132100,37.80555662200
845,-122.43437542200,37.80391627700
846,-122.43088656000,37.80680310600
847,-122.42124991600,37.80724039000
848,-122.41998752600,37.80386127500
849,-122.41962709900,37.80199906000
850,-122.42037823900,37.80572514300
851,-122.41500014000,37.80822340700
852,-122.41526863600,37.80640567300
853,-122.40983750900,37.80715396900
854,-122.40428726300,37.80650824900
855,-122.41021913100,37.80937520800
856,-122.47896375300,37.79206919700
857,-122.47989537300,37.78882121000
858,-122.47394837500,37.78928773500
859,-122.46755269000,37.79129575300
860,-122.47152106000,37.80177028100
861,-122.45924968200,37.79290077800
862,-122.45162419500,37.79469811600
863,-122.47579284700,37.79537313700
864,-122.47526458900,37.80102667100
865,-122.36588852200,37.81094101900
866,-122.37108447900,37.81821209900
867,-122.36620294500,37.82041453500
868,-122.36811144500,37.82388965200
869,-122.37593112000,37.82559928700
870,-122.37005090100,37.82714580200
871,-122.37359111500,37.82986953700
872,-122.37342124500,37.82164703500
873,-122.44674332900,37.70962121700
874,-122.43946587900,37.70976302200
875,-122.39839527600,37.71286713600
876,-122.40022444500,37.70996376300
877,-122.42855843600,37.71004572100
878,-122.42945159600,37.71396867100
879,-122.39364818400,37.71590710500
880,-122.39158241100,37.71104727800
881,-122.38349933200,37.71250818400
882,-122.38112648200,37.71661069000
883,-122.47389401000,37.71545094400
884,-122.48122445600,37.71533393900
885,-122.46936348000,37.71877720300
886,-122.47016190200,37.71703201300
887,-122.47764034000,37.71991092900
888,-122.47621115700,37.71848891700
889,-122.39415709500,37.72079182800
890,-122.39017236000,37.71860565400
891,-122.38760142200,37.72009680300
892,-122.38610996600,37.72220689400
893,-122.42067372800,37.71533446800
894,-122.41890922600,37.72077077800
895,-122.41086955200,37.71704180100
896,-122.39260445800,37.72316310400
897,-122.39125351600,37.72522633300
898,-122.47359557600,37.72495681300
899,-122.47364140800,37.72075269800
900,-122.41622422700,37.72478599000
901,-122.41150958900,37.72557741300
902,-122.38055239200,37.72668298000
903,-122.38228154300,37.72449847500
904,-122.38626080500,37.72600807900
905,-122.39820250400,37.72093982400
906,-122.39826289600,37.72494937100
907,-122.39705978200,37.72811542800
908,-122.46040735700,37.72646634800
909,-122.45961879800,37.72928827600
910,-122.43812246800,37.72809663200
911,-122.43977599300,37.72952878000
912,-122.44426309500,37.72566124600
913,-122.46981805800,37.72825462800
914,-122.47085061300,37.72409357900
915,-122.45504190600,37.72604895400
916,-122.45606113600,37.72979532300
917,-122.47977133000,37.72328340600
918,-122.47977467400,37.72843639500
919,-122.46290739500,37.76793523100
920,-122.46964182600,37.76736051800
921,-122.44744930600,37.77233534900
922,-122.51173335800,37.76755156900
923,-122.45594491900,37.76698813200
924,-122.39268320600,37.77701855000
925,-122.39910699900,37.77507580600
926,-122.38795655800,37.77929117200
927,-122.39144695700,37.77222072100
928,-122.39716446400,37.77351838300
929,-122.39108453500,37.76873276500
930,-122.40572550900,37.78719178500
931,-122.40567699100,37.78634554800
932,-122.40473139500,37.79020082500
933,-122.40454206400,37.78926738800
934,-122.40436792400,37.78833468600
935,-122.40433002400,37.78745118000
936,-122.40312386900,37.79040412400
937,-122.40293341200,37.78947115700
938,-122.40294476500,37.78854993500
939,-122.40141290900,37.78972247900
940,-122.40148031800,37.79061335600
941,-122.40005726400,37.79085253600
942,-122.39549589200,37.79019865100
943,-122.39637556300,37.78950345300
944,-122.40167003500,37.79154346600
945,-122.40065051100,37.79360238600
946,-122.40045872300,37.79266374300
947,-122.40026635800,37.79172237000
948,-122.39947818500,37.79375161100
949,-122.39928627000,37.79281360400
950,-122.39908564600,37.79179693300
951,-122.39830227900,37.79390162000
952,-122.39810477900,37.79295920100
953,-122.39808794100,37.79220765800
954,-122.39710801800,37.79405333500
955,-122.39702176400,37.79317475600
956,-122.39911628700,37.79791207200
957,-122.39882868400,37.79656564400
958,-122.39521243300,37.79796744600
959,-122.46807782500,37.79647969900
960,-122.46379552800,37.79914737400
961,-122.46726039400,37.80111190400
962,-122.45946198400,37.80031139300
963,-122.45623546300,37.79913218200
964,-122.44948417100,37.79948290000
965,-122.45190291600,37.80157986500
966,-122.45052302700,37.80409423800
967,-122.45718986600,37.80329824800
968,-122.46542826400,37.80287645000
969,-122.47413918200,37.80476830100
970,-122.47107828300,37.79863406500
971,-122.45513297600,37.80238112000
972,-122.47156532000,37.80517208500
973,-122.45869174900,37.80489244900
974,-122.47629120300,37.80621277000
975,-122.48070939700,37.79758660300
976,-122.44897554000,37.79630914400
977,-122.45648310200,37.79507407900
978,-122.46146007500,37.79625416800
979,-122.45958327700,37.79726370500
980,-122.47273797500,37.80816636500
981,-122.39131357600,37.78616585500
1191,-122.48240797200,37.70523585900
1192,-122.48117192100,37.69987477400
1193,-122.48019524700,37.68957570600
1194,-122.47995469400,37.68118410000
1195,-122.49113250200,37.69155882400
1196,-122.49245464900,37.68177412500
1197,-122.48652416400,37.67311986400
1198,-122.47840497100,37.66725249500
1199,-122.47079801300,37.66966238200
1200,-122.45336813000,37.67646882800
1201,-122.46321568700,37.68757034000
1202,-122.45600851900,37.69749103200
1203,-122.46663143300,37.69760256000
1204,-122.46268352300,37.70640437500
1205,-122.44810249000,37.70520306000
1206,-122.43225718100,37.70342688100
1207,-122.41450554100,37.70226910300
1208,-122.40711940300,37.68389975500
1209,-122.41930994800,37.66569090400
1210,-122.40728651200,37.65968603800
1211,-122.41870063700,37.65558713500
1212,-122.40430807600,37.65279493600
1213,-122.43437200100,37.64350833700
1214,-122.44579116500,37.65450202700
1215,-122.43219904700,37.66120943800
1216,-122.43917024000,37.66367378200
1217,-122.45519527500,37.66270703400
1218,-122.46057708500,37.65352871100
1219,-122.46856035800,37.65668594000
1220,-122.47521546700,37.65272652800
1221,-122.48434820500,37.65849701600
1222,-122.48651712700,37.65017161900
1223,-122.48430167200,37.63366584800
1224,-122.48082841300,37.61333014500
1225,-122.50312797800,37.59357694500
1226,-122.48713978600,37.58709158600
1227,-122.46708755600,37.59166094400
1228,-122.46041139000,37.62442414400
1229,-122.45510463800,37.62933740300
1230,-122.46153367900,37.64753369800
1231,-122.45124951700,37.63961654400
1232,-122.44770505500,37.63209788900
1233,-122.43305854200,37.61712232700
1234,-122.42478584600,37.63260347700
1235,-122.42039960600,37.62323597800
1236,-122.41598732300,37.61824258300
1237,-122.40963194500,37.62352347400
1238,-122.41004776000,37.63247521800
1239,-122.39167659200,37.62531940000
1240,-122.39135710200,37.60595271600
1241,-122.41072778300,37.60681044500
1242,-122.41963666900,37.60275374900
1243,-122.40582767300,37.59462715100
1244,-122.39803835100,37.59974334000
1245,-122.39950330100,37.59004671800
1246,-122.38994133100,37.58058091200
1247,-122.37684272300,37.58346330700
1248,-122.36922360300,37.59323020900
1249,-122.34118862500,37.58459800600
1250,-122.36064235800,37.58305398100
1251,-122.35007942400,37.57834902600
1252,-122.37201623700,37.56452593000
1253,-122.34520795500,37.56851493000
1254,-122.35059731000,37.54919131900
1255,-122.33111854100,37.55505522600
1256,-122.32687310500,37.55983511900
1257,-122.32041977800,37.56438770000
1258,-122.33747554000,37.57336349600
1259,-122.33079268400,37.57945948800
1260,-122.32225428500,37.57319368800
1261,-122.31511756200,37.57855461600
1262,-122.30301118800,37.57063435800
1263,-122.30166158600,37.56509319600
1264,-122.29527773600,37.56018263200
1265,-122.28629264200,37.56071199200
1266,-122.27527716300,37.55868390800
1267,-122.25999054300,37.56666031300
1268,-122.26353072100,37.56016781400
1269,-122.25118116200,37.55674633400
1270,-122.25733450300,37.54969403800
1271,-122.26898401700,37.55051621100
1272,-122.27486187200,37.54173172200
1273,-122.26389975500,37.53739765400
1274,-122.28329898600,37.54530000000
1275,-122.27572122100,37.52778521800
1276,-122.28407679800,37.53210241900
1277,-122.28843302300,37.53841281700
1278,-122.29991090500,37.54972355700
1279,-122.30706349300,37.55927831200
1280,-122.31698522100,37.55138016500
1281,-122.31148874200,37.54270044500
1282,-122.32280919000,37.53988330800
1283,-122.31311009600,37.53501021300
1284,-122.29529247900,37.53268875000
1285,-122.30380085600,37.52858826600
1286,-122.28941169700,37.51922056900
1287,-122.28055627200,37.51426652400
1288,-122.30982526500,37.50325663000
1289,-122.31255018000,37.51747532000
1290,-122.32651347900,37.52949521100
1291,-122.33773162900,37.52955865400
1292,-122.34730107500,37.51978421900
1293,-122.49582895300,37.55092918800
1294,-122.46662985200,37.52510098300
1295,-122.40866315500,37.53141468200
1296,-122.37625953200,37.43677361100
1297,-122.32494061600,37.29715338200
1298,-122.20907041200,37.37199429200
1299,-122.25619537900,37.41449092700
1300,-122.24573796100,37.44515126600
1301,-122.24704043700,37.45823401800
1302,-122.26774135900,37.46431838500
1303,-122.25162105400,37.46930539000
1304,-122.27352961000,37.47935831600
1305,-122.26968203800,37.49039714900
1306,-122.28444495600,37.49621938100
1307,-122.27641039600,37.50615541200
1308,-122.26172298200,37.49590666200
1309,-122.26076845500,37.50415685600
1310,-122.25623555900,37.50974405200
1311,-122.25246130800,37.53137418800
1312,-122.23673878300,37.54127377300
1313,-122.21378636300,37.50893440500
1314,-122.21840531700,37.48433013500
1315,-122.22726787200,37.48812475600
1316,-122.23762323800,37.49225325500
1317,-122.24071052200,37.48263450600
1318,-122.24974459000,37.48973167700
1319,-122.24639559400,37.47812233000
1320,-122.23354508600,37.46569352500
1321,-122.23444107700,37.45773930700
1322,-122.22573371200,37.45243003900
1323,-122.21809659400,37.46829979600
1324,-122.22610855800,37.46878574000
1325,-122.23121820500,37.47613825600
1326,-122.22239499500,37.47964544600
1327,-122.20871021200,37.47095112000
1328,-122.19581491800,37.47448575400
1329,-122.20241469800,37.47999959800
1330,-122.19121132900,37.48182906600
1331,-122.15546355100,37.48042251700
1332,-122.14139308000,37.47620976600
1333,-122.13230417300,37.46388148900
1334,-122.14555932200,37.46794516500
1335,-122.14578415400,37.45973898600
1336,-122.15508342500,37.46037650700
1337,-122.16682905600,37.46633775000
1338,-122.16953032600,37.47457432500
1339,-122.18190551600,37.46906815200
1340,-122.18191074400,37.45548636000
1341,-122.18105045800,37.44903187600
1342,-122.20515275000,37.44933254100
1343,-122.18719221300,37.44386903800
1344,-122.19226318300,37.43557900500
1345,-122.20556295000,37.43239032200
1346,-122.20921778300,37.42523161700
1347,-122.13058113000,37.31955489200
1348,-122.15051997200,37.39726499800
1349,-122.14308988400,37.41255681900
1350,-122.16237151200,37.41646161500
1351,-122.14612985600,37.42820781100
1352,-122.15795395900,37.42148369700
1353,-122.15512814200,37.42580112000
1354,-122.16294579600,37.43193624300
1355,-122.17482318200,37.43353285600
1356,-122.15701461600,37.44673404700
1357,-122.14615386700,37.45183550200
1358,-122.12952444900,37.44432332600
1359,-122.14465794000,37.43576264000
1360,-122.13125393000,37.42728467100
1361,-122.12185099700,37.43891255000
1362,-122.11228206700,37.42720190900
1363,-122.12004435800,37.41864695400
1364,-122.11115535200,37.41405853500
1365,-122.11424615900,37.40684387800
1366,-122.12974884000,37.41866059900
1367,-122.13108649200,37.41023201300
1368,-122.13115056200,37.37721841200
1369,-122.12023832300,37.39360734100
1370,-122.10916563300,37.37780346300
1371,-122.10860956300,37.39084661300
1372,-122.10514583200,37.40033857200
1373,-122.10101745000,37.40929063300
1374,-122.09649450500,37.41749090400
1375,-122.09110706900,37.40835929900
1376,-122.08557538700,37.40510244100
1377,-122.07600912900,37.40145429000
1378,-122.07972911000,37.39030712400
1379,-122.08865579700,37.39291040000
1380,-122.09781267300,37.39668436200
1381,-122.09003188400,37.38012034400
1382,-122.08239857200,37.37843690900
1383,-122.08837013100,37.36938616500
1384,-122.10076364400,37.37467930000
1385,-122.09695636400,37.35268765100
1386,-122.08024217400,37.34164250800
1387,-122.07148486900,37.34625406800
1388,-122.08157251400,37.35812455200
1389,-122.07208019900,37.36845490800
1390,-122.07449246600,37.38507817500
1391,-122.06172136400,37.37939542200
1392,-122.05673472000,37.37967138200
1393,-122.05161943000,37.37754730600
1394,-122.04263587900,37.37488674900
1395,-122.03915253000,37.38748370500
1396,-122.03532102600,37.39635326000
1397,-122.05912555500,37.39137961000
1398,-122.06528720700,37.39490597200
1399,-122.05074591000,37.39980006100
1400,-122.06360773200,37.40288430000
1401,-122.09321753300,37.43732484000
1402,-122.05675970400,37.41643737200
1403,-122.02173573300,37.40939594400
1404,-121.97832350100,37.43242171300
1405,-121.94091136200,37.44428821200
1406,-121.91749648300,37.41203042300
1407,-121.90986378000,37.38349805700
1408,-121.92831030500,37.37994931000
1409,-121.92950173200,37.39103482100
1410,-121.92705581400,37.40234164700
1411,-121.93333662600,37.41411811500
1412,-121.94986844800,37.41104322800
1413,-121.95129999600,37.39614592200
1414,-121.94865707600,37.38674670400
1415,-121.97311046400,37.39457940900
1416,-121.95988232300,37.40453393100
1417,-121.98224162700,37.40891821500
1418,-121.99160991000,37.40593439600
1419,-121.99173237300,37.39405488600
1420,-122.00369901600,37.39579982400
1421,-122.00689001800,37.40102798500
1422,-122.02214290900,37.40148712300
1423,-122.00674470800,37.39101146200
1424,-122.02226007900,37.39246877600
1425,-122.02436822800,37.38496086000
1426,-122.02829213500,37.38183916800
1427,-122.00550585800,37.37976839700
1428,-121.99272897400,37.38115425200
1429,-121.98229095100,37.37879621800
1430,-121.96343000400,37.37885372600
1431,-121.96819446500,37.37111126700
1432,-121.94782164000,37.36331841800
1433,-121.95146513400,37.35685703100
1434,-121.92799643800,37.36336430500
1435,-121.91305174200,37.36218293300
1436,-121.96327600700,37.34792959500
1437,-121.96342885700,37.35718640800
1438,-121.97189175900,37.36024588200
1439,-121.97253680900,37.34756255300
1440,-121.98800825400,37.34153336700
1441,-121.98704806400,37.34840658800
1442,-121.98139445700,37.36021020900
1443,-121.98305873700,37.36820209000
1444,-121.99106674300,37.35852468600
1445,-122.00158046500,37.36014654300
1446,-122.00898342500,37.36999410500
1447,-122.01046017100,37.35880642400
1448,-122.01854395900,37.36182116400
1449,-122.02490863400,37.35696149800
1450,-122.02806109700,37.37211735200
1451,-122.04346504400,37.36501202600
1452,-122.04338437600,37.35585481500
1453,-122.05500680900,37.36333637500
1454,-122.05633296400,37.34591964000
1455,-122.04602014500,37.34431690800
1456,-122.03710171500,37.34456121600
1457,-122.02519067800,37.34442894500
1458,-122.01792760400,37.34434282100
1459,-122.00588542800,37.34495861600
1460,-122.00161881100,37.33012675200
1461,-121.98458185400,37.33462554900
1462,-121.98565271900,37.32707761300
1463,-121.97079860600,37.33305232500
1464,-121.96167178600,37.33888284500
1465,-121.95653904100,37.33198927400
1466,-121.94218120700,37.33373804000
1467,-121.94480052900,37.31448268000
1468,-121.94427505600,37.30167236500
1469,-121.95660311800,37.29760696600
1470,-121.95741820500,37.31084196300
1471,-121.96094359800,37.31926933900
1472,-121.97008790100,37.31198487400
1473,-121.97036456400,37.30457595000
1474,-121.96916371500,37.29795157800
1475,-121.98255054400,37.29361123300
1476,-121.99074193600,37.30010767600
1477,-121.98388812900,37.31201037000
1478,-121.98330663900,37.32030794200
1479,-122.00244663200,37.31638993300
1480,-122.00193038600,37.30139353200
1481,-122.01006532100,37.30421111300
1482,-122.01877318500,37.30287641600
1483,-122.02768778600,37.30370051600
1484,-122.02193933500,37.31683410900
1485,-122.02194180500,37.33024960100
1486,-122.03858174400,37.32897877600
1487,-122.05238346700,37.33155566100
1488,-122.07302179900,37.31857475300
1489,-122.05597956800,37.30108225300
1490,-122.04459865900,37.32022855900
1491,-122.03942893100,37.31335641000
1492,-122.03861978700,37.30301039100
1493,-122.02320360200,37.28797026500
1494,-122.02258091400,37.27549508600
1495,-122.04225228700,37.27014147800
1496,-122.02958066000,37.24334349800
1497,-122.00725896700,37.25995233600
1498,-121.99933015100,37.28144302600
1499,-121.98496109200,37.28208563900
1500,-121.97863636200,37.27055559200
1501,-121.96781267700,37.28236120000
1502,-121.96807900600,37.29058222500
1503,-121.95520778600,37.28413345200
1504,-121.94432078800,37.28366664500
1505,-121.96216609900,37.27322688700
1506,-121.96626115000,37.26517827300
1507,-121.98027227500,37.25750155100
1508,-121.96529955900,37.24942400300
1509,-121.97586970500,37.23238537600
1510,-121.98584310600,37.24345131700
1511,-121.99374373600,37.22749741400
1512,-121.92724562300,37.16366112300
1513,-121.96077073800,37.21618809000
1514,-121.93258255500,37.22838956200
1515,-121.91292720500,37.24335951800
1516,-121.93678722600,37.23976915300
1517,-121.93935957700,37.24732695200
1518,-121.95477822200,37.24437086200
1519,-121.94169446900,37.25773782700
1520,-121.92405389100,37.25623050300
1521,-121.93952543700,37.27088432100
1522,-121.92641802300,37.27140067000
1523,-121.91586923200,37.27344596200
1524,-121.90507976700,37.27834332400
1525,-121.89160483800,37.28353182000
1526,-121.89410939600,37.29280820800
1527,-121.89188924100,37.30471077400
1528,-121.90500833100,37.30380184300
1529,-121.91553545200,37.28978123400
1530,-121.92858268500,37.28672757600
1531,-121.91759837900,37.29820720500
1532,-121.91809646500,37.30503259500
1533,-121.92630105300,37.30756599700
1534,-121.93666851100,37.30464575300
1535,-121.93494390800,37.32136507800
1536,-121.91897751800,37.31979266200
1537,-121.90597131200,37.31959380300
1538,-121.90513784500,37.32910349100
1539,-121.91057158100,37.34485733600
1540,-121.91670417000,37.33285830200
1541,-121.93017041000,37.33192419400
1542,-121.92026847100,37.34058411100
1543,-121.92943386100,37.34574335500
1544,-121.94202033700,37.34078065200
1545,-121.94713069300,37.35185056700
1546,-121.90295919800,37.34914910600
1547,-121.89111317100,37.35752494100
1548,-121.88622950700,37.35184796300
1549,-121.88836138100,37.34203342500
1550,-121.87747850600,37.34573759100
1551,-121.86717527400,37.35047734200
1552,-121.85875493400,37.34230667200
1553,-121.86478210500,37.33784393100
1554,-121.87419122600,37.33967869900
1555,-121.87493164800,37.33000976400
1556,-121.87905531500,37.33322136300
1557,-121.88408248900,37.33580685400
1558,-121.89235674400,37.33374320700
1559,-121.89537661500,37.31743326000
1560,-121.88446201300,37.32359647200
1561,-121.87105572000,37.32271089200
1562,-121.88196125500,37.31555744300
1563,-121.86881083100,37.30847286300
1564,-121.87639056800,37.28451360200
1565,-121.85420061200,37.27793686900
1566,-121.85597276400,37.29079959000
1567,-121.84721461200,37.30014551100
1568,-121.83962623500,37.29064044500
1569,-121.83059812800,37.28659494000
1570,-121.82973501600,37.28100374400
1571,-121.81578628700,37.28093427100
1572,-121.82477325500,37.29038548200
1573,-121.81666863800,37.29675458000
1574,-121.83950241900,37.30310536000
1575,-121.83039143500,37.30431646900
1576,-121.83128294700,37.31250954100
1577,-121.84095554400,37.32333636000
1578,-121.84717053700,37.32279877700
1579,-121.85686526100,37.32593016900
1580,-121.84982833600,37.33354163100
1581,-121.83231750100,37.32455222900
1582,-121.82176888600,37.31339079100
1583,-121.81694382900,37.31816647000
1584,-121.82369353600,37.32923641800
1585,-121.83957215600,37.33389185500
1586,-121.83410593500,37.33622291800
1587,-121.83214718200,37.34056675200
1588,-121.82756575000,37.34389581900
1589,-121.83582631900,37.35667330100
1590,-121.83809485700,37.34607239400
1591,-121.84541379100,37.35134727300
1592,-121.85377716000,37.34606279800
1593,-121.86675645700,37.35876230700
1594,-121.85380154500,37.35782446700
1595,-121.84283281300,37.36465526000
1596,-121.85413472500,37.37164870500
1597,-121.86224113200,37.36446954800
1598,-121.86714020600,37.37388780800
1599,-121.87101150800,37.38747482600
1600,-121.87690466000,37.38400795000
1601,-121.88474052800,37.37774071100
1602,-121.88960761400,37.37009009400
1603,-121.89838191600,37.37380356700
1604,-121.90501140900,37.39424438200
1605,-121.88822922000,37.39446716700
1606,-121.90071656600,37.40921791100
1607,-121.90277030300,37.42213654900
1608,-121.89123339000,37.42571447400
1609,-121.89706173100,37.44067390500
1610,-121.90454318400,37.43575712200
1611,-121.91417233700,37.43730937200
1612,-121.91620084000,37.45046827400
1613,-121.90678971800,37.45886693800
1614,-121.89969134500,37.45142992600
1615,-121.87002661100,37.46140148300
1616,-121.87964897300,37.43998825400
1617,-121.87897513800,37.43230551500
1618,-121.84557449300,37.43330041100
1619,-121.86875651600,37.42650250000
1620,-121.87592988100,37.42086527700
1621,-121.88010884200,37.40907483600
1622,-121.86444770400,37.41630616100
1623,-121.85976410900,37.40924677500
1624,-121.87068040100,37.40333181500
1625,-121.86504758500,37.39396034400
1626,-121.85541057200,37.40208570700
1627,-121.85185998000,37.38964536400
1628,-121.82777413700,37.40710180300
1629,-121.82181607600,37.38531919900
1630,-121.83442808900,37.38424024500
1631,-121.84867076000,37.38369928900
1632,-121.84450608100,37.37727248600
1633,-121.83047239500,37.37284217500
1634,-121.82766789100,37.35915216000
1635,-121.82048794100,37.36960226800
1636,-121.81618790500,37.36359189100
1637,-121.80105108600,37.37930011900
1638,-121.81135396700,37.35406882500
1639,-121.81883627400,37.34943265800
1640,-121.81492537400,37.34379253100
1641,-121.80201954700,37.35036279100
1642,-121.77271264000,37.34780886200
1643,-121.79855369600,37.34153354400
1644,-121.80515070500,37.33071241600
1645,-121.79191696400,37.33383871000
1646,-121.78999100700,37.32767930800
1647,-121.77625287500,37.32993055600
1648,-121.76785119100,37.32274437300
1649,-121.78872415400,37.32099370800
1650,-121.80074842100,37.31829796700
1651,-121.80479763500,37.30614842500
1652,-121.79300163700,37.31009219300
1653,-121.75111758700,37.31369378100
1654,-121.74469460500,37.28203362600
1655,-121.77619468500,37.28901218100
1656,-121.77840906700,37.25836160400
1657,-121.77752384000,37.24288012200
1658,-121.76277969300,37.22517799500
1659,-121.76986877200,37.22899730200
1660,-121.78101719100,37.23060177000
1661,-121.79463192300,37.23787437200
1662,-121.81036418900,37.23172876100
1663,-121.82280808600,37.23333919700
1664,-121.81952176600,37.24045011800
1665,-121.81579680400,37.24812672500
1666,-121.81029201100,37.25581805000
1667,-121.82421844300,37.25552682000
1668,-121.82301738200,37.26350732000
1669,-121.80893972100,37.26355095500
1670,-121.81510084800,37.27289628400
1671,-121.83432914400,37.27321016400
1672,-121.84520499400,37.27134940000
1673,-121.83727230600,37.25688535500
1674,-121.83521318500,37.24075723800
1675,-121.84396097800,37.24201110100
1676,-121.85735584200,37.24613736500
1677,-121.85593360300,37.25374721800
1678,-121.85242586900,37.26189016900
1679,-121.86735820500,37.26123473300
1680,-121.86453973700,37.26963055400
1681,-121.88811961900,37.27741649100
1682,-121.88433692600,37.26785142200
1683,-121.89724617400,37.26354578000
1684,-121.90923506400,37.25898431800
1685,-121.90194460200,37.24723557400
1686,-121.88819307100,37.25669823200
1687,-121.88351866400,37.25032173200
1688,-121.89227316000,37.23988975900
1689,-121.89127300100,37.22793158700
1690,-121.87731744000,37.23177689800
1691,-121.87121060600,37.21484626300
1692,-121.85940534900,37.21323926300
1693,-121.85453967900,37.21933387400
1694,-121.83707194400,37.20795943500
1695,-121.85639560800,37.19951617500
1696,-121.80328632700,37.21193857000
1697,-121.70838152900,37.17907218700
1698,-121.62382072800,37.15225661500
1699,-121.60611961200,37.13209864100
1700,-121.64577334400,37.13255835600
1701,-121.63782451300,37.10104407300
1702,-121.65606668500,37.12585884800
1703,-121.68072891400,37.13071355300
1704,-121.74652939800,37.08515616000
1705,-121.58557205400,36.98366991400
1706,-121.52997256200,37.00969064100
1707,-121.56794161800,37.01053863000
1708,-121.57937417800,37.00401943300
1709,-121.58266716900,37.02258582600
1710,-121.59160022600,37.02347775600
1711,-121.61879567300,37.02766142500
1712,-121.60471566500,37.06086711200
1713,-121.57450585000,37.09422927500
1714,-121.51170681700,37.21095334700
1715,-121.64032911000,37.65226166400
1716,-121.74235438800,37.67323862000
1717,-121.75083839300,37.68467574400
1718,-121.73085151000,37.69499969100
1719,-121.74178610200,37.71136314900
1720,-121.75863252300,37.73196887800
1721,-121.76288072100,37.69415833700
1722,-121.78000224800,37.68634735500
1723,-121.76106015600,37.67166908500
1724,-121.77428711900,37.67230200400
1725,-121.78102582500,37.65402842500
1726,-121.79376544700,37.66572603400
1727,-121.78570163700,37.67014309100
1728,-121.81153602100,37.68933194300
1729,-121.84529842600,37.72447471900
1730,-121.89189049500,37.71786265200
1731,-121.91533832800,37.72424083100
1732,-121.91937863600,37.71305774700
1733,-121.93191806400,37.71735210000
1734,-121.95872020400,37.71187177000
1735,-121.92875122900,37.65836201100
1736,-121.91422087000,37.67007909200
1737,-121.91000314300,37.68691622200
1738,-121.90140358500,37.66923192900
1739,-121.88419160500,37.65583660800
1740,-121.88214296300,37.67026504100
1741,-121.88717400200,37.68111812500
1742,-121.87600094100,37.69266749800
1743,-121.85905655600,37.68169929800
1744,-121.86554247800,37.65968960700
1745,-121.84403880800,37.66754998300
1746,-121.84285496000,37.62949848900
1747,-121.89688090000,37.48857538100
1748,-121.91301918700,37.47076588300
1749,-121.92113616400,37.48505389200
1750,-121.92502093300,37.47324462800
1751,-121.97636935600,37.48945415000
1752,-121.94209675500,37.49900820800
1753,-121.92538827600,37.50878505200
1754,-121.90344904200,37.52855861800
1755,-121.92800638500,37.52680952700
1756,-121.94567788000,37.53645988600
1757,-121.95141028900,37.51840114500
1758,-121.96058474500,37.51859134300
1759,-121.97591993500,37.51894350700
1760,-121.97518536000,37.53257405200
1761,-121.96148354200,37.53278162900
1762,-121.96712376600,37.54101322900
1763,-121.97665914500,37.54502367700
1764,-121.98894482200,37.53825652400
1765,-121.99274330300,37.53087050500
1766,-122.00907867900,37.53864539600
1767,-122.01253331200,37.52601925400
1768,-122.04919471000,37.52992028500
1769,-122.05829688900,37.55770353400
1770,-122.04764436700,37.54409024000
1771,-122.03616249800,37.55261561200
1772,-122.03500726300,37.53591456100
1773,-122.02737168700,37.53312452300
1774,-122.01243944000,37.55394689300
1775,-122.00363659600,37.54612717500
1776,-121.99372846500,37.55846238400
1777,-121.98372795100,37.55052622100
1778,-121.97211889800,37.56122014500
1779,-121.94792229200,37.54618921200
1780,-121.94357857800,37.55704296200
1781,-121.96378621200,37.57742749300
1782,-121.99200148400,37.57660851800
1783,-121.99777491000,37.56673353100
1784,-122.01704792200,37.56843146900
1785,-122.02102963800,37.55901295700
1786,-122.02913601500,37.56333312400
1787,-122.03794157500,37.57108464400
1788,-122.05173112700,37.57225952900
1789,-122.05766687000,37.58485187300
1790,-122.06890073900,37.57286224400
1791,-122.06833852400,37.58589017900
1792,-122.07563290100,37.57744470300
1793,-122.07519887000,37.58832810100
1794,-122.08451223000,37.58617567000
1795,-122.08357572400,37.59737305200
1796,-122.07225890200,37.59990699200
1797,-122.04489659800,37.59960925100
1798,-122.04691518800,37.59016919400
1799,-122.03971767000,37.58295896400
1800,-122.03012038700,37.59154221500
1801,-122.01388687200,37.58622584300
1802,-122.02332097800,37.60018693900
1803,-121.99587760200,37.60567170000
1804,-122.02953251600,37.61777758300
1805,-122.03795924900,37.61755098200
1806,-122.05388578000,37.62171973500
1807,-122.07611919600,37.62701979600
1808,-122.09034430800,37.62880544200
1809,-122.08277988700,37.61928741100
1810,-122.12621663900,37.63313499500
1811,-122.11202824000,37.64383263500
1812,-122.10083146600,37.64571357500
1813,-122.09431071700,37.63709301000
1814,-122.08762419100,37.64215244400
1815,-122.07780364500,37.64425560600
1816,-122.08187416700,37.63534564700
1817,-122.07187266600,37.63531343800
1818,-122.06978883700,37.64302904800
1819,-122.06241161000,37.64334458400
1820,-122.02959735100,37.63713989300
1821,-122.04560426800,37.65236563400
1822,-122.04533098200,37.66933598500
1823,-122.06494348500,37.67102971100
1824,-122.06825222000,37.65856952100
1825,-122.07805217300,37.65704552600
1826,-122.08376566200,37.65251575000
1827,-122.09296309600,37.65319673900
1828,-122.09068596000,37.66690209000
1829,-122.09966017300,37.66239664400
1830,-122.10946914900,37.66010772400
1831,-122.11388181900,37.66806974200
1832,-122.12314934700,37.67111230000
1833,-122.13411311900,37.66852496200
1834,-122.14557285800,37.67280165000
1835,-122.13083377400,37.67833557900
1836,-122.11662679100,37.67922111100
1837,-122.10546686700,37.67877886500
1838,-122.09134314700,37.68042067900
1839,-122.08241804700,37.67329772400
1840,-122.08329105500,37.68620922100
1841,-122.06526907800,37.68032625200
1842,-122.06861995600,37.68867607400
1843,-122.05047397700,37.68594953800
1844,-122.05451766700,37.77141937000
1845,-122.06313840400,37.71419003600
1846,-122.06547242100,37.69987568700
1847,-122.07964914100,37.69285639500
1848,-122.08362081200,37.69823543300
1849,-122.08488721000,37.70473429700
1850,-122.08239758200,37.71740774800
1851,-122.09362553500,37.71511512700
1852,-122.09447925700,37.70445592800
1853,-122.10554498300,37.70290292800
1854,-122.11425104400,37.69864573100
1855,-122.10797811900,37.69244155000
1856,-122.12369982600,37.69426240800
1857,-122.11471228900,37.68757988200
1858,-122.14439202700,37.68688197900
1859,-122.15480249200,37.68459908500
1860,-122.16746071100,37.68763659400
1861,-122.15697232700,37.69679745100
1862,-122.14684785700,37.70268503600
1863,-122.13299492200,37.70304247600
1864,-122.14442206500,37.71295078100
1865,-122.13522416300,37.71687909500
1866,-122.12815427700,37.72213241500
1867,-122.14204615200,37.72590226300
1868,-122.14617466600,37.73576988700
1869,-122.15655194600,37.73369952000
1870,-122.16476358300,37.73052625200
1871,-122.15694610700,37.72214396800
1872,-122.16915462300,37.71814587500
1873,-122.18079018400,37.71171037500
1874,-122.21902966100,37.71710664900
1875,-122.20370159900,37.74188893600
1876,-122.18335618500,37.73174913700
1877,-122.17755078400,37.72963357100
1878,-122.17318193000,37.73842261300
1879,-122.16155027200,37.74049545900
1880,-122.16665936100,37.74647793000
1881,-122.15778103800,37.74497814700
1882,-122.15412499600,37.74826429400
1883,-122.13261033300,37.74648683600
1884,-122.13608211800,37.76369823900
1885,-122.15850763400,37.78660664400
1886,-122.16354652200,37.77029025600
1887,-122.15558177000,37.75947243800
1888,-122.16524302800,37.75642301600
1889,-122.17112178000,37.76400982000
1890,-122.17836921800,37.76024493900
1891,-122.17289603800,37.75378671600
1892,-122.17747905100,37.74490025700
1893,-122.18057198800,37.74992188900
1894,-122.18631436000,37.75438139400
1895,-122.19515658800,37.75819217500
1896,-122.21159553000,37.76428143300
1897,-122.20742691500,37.77051296800
1898,-122.19710563500,37.76908969000
1899,-122.18955006900,37.76819209000
1900,-122.18320112600,37.76444705400
1901,-122.17470087800,37.77441897400
1902,-122.18881562400,37.78072617200
1903,-122.19326604100,37.77716846800
1904,-122.20409833700,37.77776092000
1905,-122.21081818400,37.78100529500
1906,-122.20291315500,37.78674517600
1907,-122.18432986100,37.78739616200
1908,-122.18978703700,37.79277326200
1909,-122.19431528200,37.79936811000
1910,-122.20147379600,37.80276026700
1911,-122.18436400400,37.80256232900
1912,-122.19278969700,37.82362502000
1913,-122.20191587700,37.83628252300
1914,-122.21306960300,37.84527925000
1915,-122.23908370900,37.84417469900
1916,-122.22860522400,37.83825159400
1917,-122.23986267500,37.82551415900
1918,-122.22482198300,37.82306723900
1919,-122.21585031800,37.82625665500
1920,-122.20641507900,37.81397015200
1921,-122.21290728600,37.80539677000
1922,-122.22019421400,37.80501895400
1923,-122.20959200200,37.79410886600
1924,-122.21626563000,37.78811473500
1925,-122.21921715500,37.77872522800
1926,-122.22643057900,37.77370479900
1927,-122.22640529700,37.78185133600
1928,-122.23024623000,37.78557092400
1929,-122.22543127000,37.78942325500
1930,-122.22214632200,37.79536953000
1931,-122.22827081800,37.79758857200
1932,-122.23326259700,37.79397410500
1933,-122.23802150100,37.78969481400
1934,-122.24720141900,37.79483128200
1935,-122.24414770800,37.79822699200
1936,-122.23776342300,37.80058163600
1937,-122.22445318700,37.80788598400
1938,-122.23116376000,37.81134522600
1939,-122.24159471500,37.81538881300
1940,-122.24870422400,37.81767722600
1941,-122.25424231600,37.81414376400
1942,-122.25472336200,37.81008447700
1943,-122.24441122000,37.80532170900
1944,-122.25241026800,37.80140561900
1945,-122.25985807000,37.80462635000
1946,-122.26598443300,37.79587351900
1947,-122.25020459600,37.79015668600
1948,-122.24794868900,37.77244048100
1949,-122.23269967700,37.76513753300
1950,-122.23466449800,37.75956409900
1951,-122.23924287700,37.75557375600
1952,-122.23864364500,37.73061457800
1953,-122.24647042300,37.74159707300
1954,-122.25039760000,37.76064409100
1955,-122.24749063100,37.76638055400
1956,-122.25654907800,37.76967956300
1957,-122.25846778800,37.76031393900
1958,-122.26995339700,37.76419773400
1959,-122.26910692700,37.77212161100
1960,-122.26893305200,37.78004964600
1961,-122.28568570700,37.78602299100
1962,-122.28335898900,37.77823223300
1963,-122.28350259800,37.77335364700
1964,-122.30365965100,37.78498696900
1965,-122.31522686200,37.80454044400
1966,-122.28688634500,37.80104980700
1967,-122.27536910500,37.79704259300
1968,-122.27140680100,37.80127009900
1969,-122.27485772000,37.80258771600
1970,-122.27186364800,37.80889861300
1971,-122.26754616400,37.80594043900
1972,-122.26047741300,37.81741496900
1973,-122.25446046600,37.82344675800
1974,-122.25166064000,37.82946422900
1975,-122.25842237400,37.83161070500
1976,-122.26307652200,37.83146748400
1977,-122.27219584100,37.83262777700
1978,-122.27383507200,37.82067088900
1979,-122.26650490600,37.81890111600
1980,-122.27753779400,37.81096829200
1981,-122.28094522600,37.80474696400
1982,-122.28484199100,37.80632260900
1983,-122.28279995900,37.81227886200
1984,-122.28816053300,37.81386091200
1985,-122.29048752300,37.80687405500
1986,-122.29380239200,37.81023923200
1987,-122.29818287700,37.80982984700
1988,-122.30282189100,37.81725936900
1989,-122.28204021500,37.81741042800
1990,-122.27989775200,37.82312220700
1991,-122.29115331000,37.83726120500
1992,-122.28043290900,37.83967925400
1993,-122.28312708800,37.84547896100
1994,-122.28148252300,37.85090331100
1995,-122.27476860400,37.85080725900
1996,-122.27229493300,37.84184449700
1997,-122.26599503000,37.84191518300
1998,-122.25584186300,37.83976554100
1999,-122.24855144900,37.84877652400
2000,-122.25762858600,37.84795581900
2001,-122.26516715400,37.84860692200
2002,-122.26823609600,37.85334679600
2003,-122.25790575200,37.85481913500
2004,-122.24468197700,37.85482966200
2005,-122.22917783600,37.86682899700
2006,-122.24890394000,37.86136660700
2007,-122.24963524600,37.86821536400
2008,-122.26044489900,37.86712120900
2009,-122.25990494000,37.86334832300
2010,-122.25897351000,37.85886962700
2011,-122.26899716700,37.86037776800
2012,-122.27614420500,37.85877514700
2013,-122.28463808100,37.85723776500
2014,-122.30040068300,37.86618911200
2015,-122.29307746200,37.86523742900
2016,-122.28659113300,37.86586686700
2017,-122.27761859900,37.86655109400
2018,-122.27032923800,37.86759695500
2019,-122.25753750500,37.87283027800
2020,-122.25984341800,37.87752471700
2021,-122.27029347300,37.87568983600
2022,-122.27829766900,37.87429649300
2023,-122.28789897100,37.87291227500
2024,-122.29721846100,37.87317940100
2025,-122.28996787900,37.87939925500
2026,-122.27877124200,37.88031643900
2027,-122.27090729100,37.88097174400
2028,-122.25454688100,37.88400160800
2029,-122.25971320800,37.89117127000
2030,-122.26638940100,37.89887325600
2031,-122.27456789900,37.89780182500
2032,-122.27318108300,37.88810543100
2033,-122.28065593400,37.89026104700
2034,-122.28629505800,37.88668667300
2035,-122.29049012200,37.89481772700
2036,-122.29728755500,37.89462743700
2037,-122.29484446400,37.88634956700
2038,-122.30438503300,37.88490733100
2039,-122.30276498800,37.89322552200
2040,-122.30494259400,37.90006716900
2041,-122.29972732700,37.90331184100
2042,-122.29201198300,37.90409845900
2043,-122.28510917800,37.90788749700
2044,-122.27696545000,37.90944777800
2045,-122.29713706700,37.92517059400
2046,-122.29345303100,37.91465559400
2047,-122.30527388300,37.91700221600
2048,-122.30192696500,37.90782189400
2049,-122.31156523000,37.91120976600
2050,-122.32209326200,37.91698926700
2051,-122.31453924700,37.92294148200
2052,-122.30911123800,37.92629635000
2053,-122.31479913200,37.93271419500
2054,-122.32117172100,37.94096781200
2055,-122.33121416200,37.93902666900
2056,-122.34179396300,37.93969702800
2057,-122.35173994600,37.94064053600
2058,-122.33711450600,37.92995507700
2059,-122.34282641200,37.91816171900
2060,-122.35640561000,37.92811902800
2061,-122.36343727600,37.93359806800
2062,-122.38819366900,37.92368056500
2063,-122.36274283200,37.94154058600
2064,-122.35271418600,37.94690902000
2065,-122.33622256400,37.94792015300
2066,-122.33823666900,37.95629604400
2067,-122.35192265900,37.95927498500
2068,-122.36986706300,37.95828844100
2069,-122.33998588700,37.98500839800
2070,-122.34553963300,37.97600338400
2071,-122.35096952100,37.96943461200
2072,-122.33950390500,37.96731781400
2073,-122.32935441200,37.97327267700
2074,-122.30798023100,37.98084751800
2075,-122.32291361200,37.95771442700
2076,-122.31612528000,37.94532917600
2077,-122.30500854800,37.95674397800
2078,-122.29473765000,37.97101523100
2079,-122.28152880100,37.97648149700
2080,-122.31801567900,37.99604878800
2081,-122.32528197900,38.00194501400
2082,-122.30587696300,38.00331106000
2083,-122.28851633800,38.01066383000
2084,-122.26873591700,37.98687880000
2085,-122.26889646700,38.00203935600
2086,-122.25973932300,38.00660387700
2087,-122.17949817400,37.95264530800
2088,-122.25227058000,38.02461753800
2089,-122.25649404100,38.03764606100
2090,-122.21365852800,38.04903552500
2091,-122.13870420300,38.00561586900
2092,-122.14148158000,38.02030475200
2093,-122.13241995800,38.01445971600
2094,-122.12044238100,38.00592519500
2095,-122.09682250900,38.01941455600
2096,-122.08612688800,37.99844036800
2097,-122.02972520000,38.03051746600
2098,-121.97249366300,38.00028051400
2099,-121.96993290400,37.96247567900
2100,-121.93597416400,37.95217216500
2101,-121.93427604000,37.93371001200
2102,-121.92826218600,37.89700755000
2103,-121.96519534400,37.93731240500
2104,-121.98503501100,37.95077090200
2105,-121.99654334300,37.95480613200
2106,-121.98145420500,37.95786534000
2107,-122.00196820100,37.96313453000
2108,-121.98332270900,37.96842252600
2109,-122.00130994600,37.98283799200
2110,-122.01326106000,37.97625107800
2111,-122.02899404300,37.99202274700
2112,-122.03613476100,37.99341449000
2113,-122.03813219400,37.97590183400
2114,-122.04154260200,37.96613206600
2115,-122.03538831200,37.96681491400
2116,-122.02239699600,37.96877382300
2117,-122.01571448700,37.95852059000
2118,-122.02480493100,37.95219785300
2119,-122.04039374400,37.94446126600
2120,-122.04805158500,37.95758700300
2121,-122.05452464300,37.94722999300
2122,-122.05149923700,37.98451377900
2123,-122.07210065800,37.98168661000
2124,-122.09937614000,37.98744172800
2125,-122.11590094700,37.97225757600
2126,-122.09367767200,37.97173649800
2127,-122.07755534400,37.96334050500
2128,-122.07393498100,37.95073007500
2129,-122.07398744700,37.93770854600
2130,-122.08653640500,37.93807059900
2131,-122.12303128400,37.93399618000
2132,-122.13720588600,37.90025924000
2133,-122.08505952700,37.91106762000
2134,-122.06876065100,37.92202599300
2135,-122.04761895500,37.91769003200
2136,-122.05042832600,37.92968765500
2137,-122.03129153800,37.93094047600
2138,-122.00910360200,37.93862155700
2139,-121.99602380600,37.91937437600
2140,-122.01839134700,37.92015008600
2141,-122.01751797200,37.90781568400
2142,-122.02821225500,37.88336755600
2143,-122.04040510100,37.90260405700
2144,-122.04482879400,37.89277830400
2145,-122.06271013800,37.90794947300
2146,-122.05640869800,37.89087587300
2147,-122.06277247800,37.87965612200
2148,-122.06726873400,37.86372511700
2149,-122.08504763600,37.88699289600
2150,-122.10650978000,37.88844918600
2151,-122.10626280600,37.87212836700
2152,-122.13295619100,37.88183760700
2153,-122.16747799700,37.88103018600
2154,-122.18263799100,37.90320815300
2155,-122.21497530800,37.88581783000
2156,-122.17879925800,37.86197298500
2157,-122.15766635100,37.83212060100
2158,-122.13890837800,37.85405679300
2159,-122.09575882600,37.84692395800
2160,-122.10216990300,37.81879620700
2161,-122.02993598500,37.81633673300
2162,-122.03557916900,37.85821391000
2163,-122.00730991500,37.88105016500
2164,-121.98852146300,37.86394110700
2165,-121.98412235100,37.84040315700
2166,-121.96456561200,37.82307565500
2167,-121.95297044500,37.79894988700
2168,-121.95244539200,37.77449559800
2169,-121.97982895800,37.79404598200
2170,-121.98354362100,37.77881368500
2171,-121.97766665200,37.74735939500
2172,-121.93944209600,37.73175714400
2173,-121.94886856300,37.74472099300
2174,-121.93092517300,37.73931243900
2175,-121.94736880800,37.75870002000
2176,-121.80588785900,37.82015699200
2177,-121.61599103800,37.87817947500
2178,-121.71988658700,37.93914822200
2179,-121.68495425100,37.94026860300
2180,-121.67405680900,37.98626334300
2181,-121.64231478900,38.03724888800
2182,-121.71743997000,38.00804393200
2183,-121.76460791000,37.99997671900
2184,-121.77064791800,37.98934988600
2185,-121.73589155600,37.98010660100
2186,-121.78384966600,37.97542555800
2187,-121.79491852700,37.99125859200
2188,-121.79324136700,38.00665188500
2189,-121.81787223800,38.01697529200
2190,-121.82864159900,38.00361616400
2191,-121.81394160100,38.00145003900
2192,-121.83129024600,37.99389698000
2193,-121.84345213300,37.99159557300
2194,-121.81546344500,37.98645290700
2195,-121.83100926900,37.95835660100
2196,-121.87495638100,37.98017711100
2197,-121.84872899400,38.00238967700
2198,-121.86487105200,38.00441942400
2199,-121.88052742300,38.00731631600
2200,-121.92681283300,37.99597573300
2201,-121.91283663500,38.01612998000
2202,-121.89565160900,38.01193459700
2203,-121.89376393800,38.02147396200
2204,-121.87342847900,38.01698017400
2205,-121.86876773600,38.04041032900
2206,-121.89300046300,38.02687967000
2207,-121.91740119300,38.03572827000
2208,-121.94366850200,38.02338894100
2209,-121.94393220400,38.04078064900
2210,-121.97442961200,38.04545597600
2211,-122.11399171100,38.09723286300
2212,-122.16779884500,38.05704783100
2213,-122.16190222300,38.05924116400
2214,-122.15513629600,38.06903483000
2215,-122.17057154500,38.07282104800
2216,-122.17991613900,38.07995341400
2217,-122.16550858800,38.09146559800
2218,-122.19467945300,38.10477682800
2219,-122.20210836700,38.09139112900
2220,-122.21062094600,38.07326121400
2221,-122.22159334200,38.08418112000
2222,-122.23692292700,38.07628357000
2223,-122.23749904800,38.08757228600
2224,-122.26040309800,38.10263679700
2225,-122.24706385100,38.10004157100
2226,-122.23591295300,38.09780536000
2227,-122.22257457900,38.09529393300
2228,-122.21336753800,38.09583864000
2229,-122.21185331800,38.10422568000
2230,-122.21764151700,38.11621086100
2231,-122.22357661000,38.10413059700
2232,-122.23593076800,38.10663551600
2233,-122.23508160700,38.11450776100
2234,-122.25077587000,38.11201182600
2235,-122.25902748800,38.10868796600
2236,-122.26421173600,38.11607891200
2237,-122.26929382100,38.12294957600
2238,-122.29195850600,38.11034127700
2239,-122.27788354200,38.14997723500
2240,-122.26323712000,38.14282132700
2241,-122.25889536200,38.12980361100
2242,-122.23599887600,38.12589654900
2243,-122.23877726800,38.13617016300
2244,-122.24268449700,38.14895789400
2245,-122.22710506600,38.14851455400
2246,-122.20882592000,38.13084446700
2247,-122.14730577500,38.16253508400
2248,-122.16905551100,38.25424856600
2249,-122.09878219000,38.21813549300
2250,-122.06460112900,38.22538246000
2251,-121.98539461600,38.18513435400
2252,-121.94015187400,38.27376747200
2253,-121.97916420800,38.25719878600
2254,-121.99807798000,38.24954339900
2255,-122.01271878800,38.24713479100
2256,-122.00074271900,38.25920669500
2257,-122.00964088300,38.26777890600
2258,-122.02198363000,38.26698374100
2259,-122.02996233600,38.26704997700
2260,-122.02888068800,38.25486775000
2261,-122.02813268400,38.24881575800
2262,-122.04473247000,38.24699125700
2263,-122.04183066800,38.25497420700
2264,-122.03943211400,38.26402329100
2265,-122.05164914600,38.26485797000
2266,-122.05748893100,38.25395721800
2267,-122.06594648800,38.26505435700
2268,-122.08332514500,38.29565905500
2269,-122.02877757900,38.29329194400
2270,-121.97003093000,38.29531228700
2271,-121.93307672600,38.31935855200
2272,-121.98120848800,38.32432474800
2273,-122.00043755700,38.33048045300
2274,-121.97814589200,38.34180579500
2275,-121.96575324400,38.34116196200
2276,-121.95759804500,38.34122354300
2277,-121.94344641300,38.34082536200
2278,-121.92510591100,38.34427506800
2279,-121.93465552100,38.40128968900
2280,-121.94616760600,38.36801415700
2281,-121.96636629100,38.35594435100
2282,-121.98101754700,38.38194528000
2283,-121.99612092700,38.36315793200
2284,-122.00173861700,38.35291243500
2285,-122.01073962800,38.36648151500
2286,-122.02151340600,38.42115093300
2287,-121.79195933900,38.40392598400
2288,-121.84230816200,38.45035663700
2289,-121.81610172000,38.44790932900
2290,-121.78520176900,38.21045787600
2291,-122.23001699900,38.22793955900
2292,-122.28057073800,38.20424549400
2293,-122.30728542800,38.27176247000
2294,-122.27959793300,38.26951525000
2295,-122.26720773300,38.28790282900
2296,-122.26768175200,38.30637003700
2297,-122.28941540400,38.31518925900
2298,-122.28882031900,38.30570103200
2299,-122.28926857100,38.29499965900
2300,-122.29020488500,38.28714661700
2301,-122.29721838100,38.29071171300
2302,-122.32175735200,38.29559848200
2303,-122.32781659600,38.30972483900
2304,-122.31298410300,38.31438121600
2305,-122.30063627100,38.31078538100
2306,-122.30508776400,38.33086501700
2307,-122.32626948700,38.32827872800
2308,-122.35376950500,38.27247395300
2309,-122.35593002500,38.37123434400
2310,-122.36426434900,38.39137865400
2311,-122.24544808900,38.36767388000
2312,-122.28491444000,38.64016584700
2313,-122.44940668600,38.56871283400
2314,-122.47098835500,38.49980924600
2315,-122.44477197300,38.46652776800
2316,-122.55313600300,38.60353632100
2317,-122.58436660500,38.58266253100
2318,-122.53138759300,38.37619379700
2319,-122.47441163100,38.32824930500
2320,-122.44385753100,38.31070320900
2321,-122.48766800200,38.30510099600
2322,-122.51455353700,38.29598662400
2323,-122.45538849100,38.28127290900
2324,-122.42939476300,38.22211079300
2325,-122.55896348000,38.23193451100
2326,-122.62864103800,38.21303531600
2327,-122.65544240000,38.21706234000
2328,-122.74226272400,38.25378200100
2329,-122.68166086100,38.26244989300
2330,-122.65305580700,38.24302117300
2331,-122.63838674000,38.24523870100
2332,-122.63032258500,38.23302493400
2333,-122.61324672100,38.23875009200
2334,-122.60764007800,38.24438600200
2335,-122.61795559700,38.25221069800
2336,-122.63929578400,38.27374250800
2337,-122.72857331800,38.34402285900
2338,-122.70944297900,38.31752294400
2339,-122.69509134500,38.32373411600
2340,-122.67741576300,38.32912828600
2341,-122.62505706200,38.34004086700
2342,-122.68107957900,38.33961812800
2343,-122.69966933200,38.33437157200
2344,-122.70555708800,38.34087437000
2345,-122.69429895300,38.34691711500
2346,-122.69779804800,38.35635746800
2347,-122.69787825000,38.37027802700
2348,-122.70735635700,38.40202175800
2349,-122.68841739400,38.41233091900
2350,-122.65682002600,38.39524251800
2351,-122.66665680100,38.43593288400
2352,-122.64306986700,38.41803240700
2353,-122.58463362300,38.44827890700
2354,-122.63704461600,38.51962206300
2355,-122.66379526900,38.47866323300
2356,-122.67364432300,38.46639797000
2357,-122.65957819200,38.46834470800
2358,-122.66424312300,38.45022889100
2359,-122.69049485600,38.44086399100
2360,-122.70762527000,38.43547136100
2361,-122.71256633400,38.44219509400
2362,-122.70751386900,38.44852633800
2363,-122.72158308000,38.46121903100
2364,-122.71270996200,38.45727114100
2365,-122.70081336100,38.46014695100
2366,-122.70991074900,38.48278623400
2367,-122.75440389600,38.52990442200
2368,-122.79631480200,38.50825875700
2369,-122.74762115600,38.48177407100
2370,-122.79669932000,38.47436204100
2371,-122.76158155300,38.46110083000
2372,-122.74785108500,38.45731832900
2373,-122.73685129400,38.46591898400
2374,-122.74093702600,38.44899947600
2375,-122.75974750700,38.44699205000
2376,-122.73460660300,38.43965777500
2377,-122.73910483700,38.43557285700
2378,-122.73205971300,38.42440939300
2379,-122.72079836500,38.41983307200
2380,-122.72855313600,38.39539480200
2381,-122.76599099100,38.39548615500
2382,-122.79123258600,38.43116290400
2383,-122.88721687000,38.41759239600
2384,-122.84622387100,38.41325972500
2385,-122.82867282600,38.38141025200
2386,-122.79471440100,38.37844114800
2387,-122.78965782300,38.34324113900
2388,-122.87242234400,38.35193259400
2389,-122.97812970600,38.35132320600
2390,-123.01683100100,38.47336389400
2391,-122.99932648800,38.52615049700
2392,-122.93102443200,38.48236797100
2393,-122.90029214800,38.50061772900
2394,-122.83332269800,38.53753630300
2395,-122.78020058900,38.53406497700
2396,-122.74902816900,38.57889192100
2397,-122.82068274900,38.61205465400
2398,-122.85838372000,38.61860417700
2399,-122.86391865100,38.61063496100
2400,-122.96752869700,38.61723423900
2401,-122.82933757400,38.71036614300
2402,-123.08345523500,38.79303045300
2403,-123.21830517400,38.65608895800
2404,-122.53870667800,38.13191330200
2405,-122.54369944700,38.10050584400
2406,-122.51952111600,38.08064049000
2407,-122.51831094300,38.05805589900
2408,-122.56255380400,38.06045776100
2409,-122.56892124400,38.08031833000
2410,-122.55956499300,38.08875336500
2411,-122.58572382300,38.10027942100
2412,-122.58088441800,38.11350143500
2413,-122.58734609400,38.13299363400
2414,-122.64463216000,38.11241358500
2415,-122.78971014300,38.17889158100
2416,-122.87478901600,38.07374207700
2417,-122.64281810400,37.96113973100
2418,-122.68005080300,38.01264921200
2419,-122.59622982900,38.00024683400
2420,-122.57266908300,38.00101087000
2421,-122.55019061100,37.99979732700
2422,-122.56184873100,38.01989375100
2423,-122.57316689600,38.03829317000
2424,-122.52361540800,38.02511118700
2425,-122.50872593100,38.00923397900
2426,-122.47354348000,37.98733477800
2427,-122.50963182400,37.98043004800
2428,-122.49478526400,37.96003228700
2429,-122.52153994300,37.95986171100
2430,-122.53703053500,37.96920423300
2431,-122.53629039200,37.97974231300
2432,-122.56481231900,37.97411379000
2433,-122.57657604700,37.98029452300
2434,-122.59175456200,37.97901387900
2435,-122.55981448900,37.96258417400
2436,-122.55517850600,37.95158832200
2437,-122.52422924600,37.95027633500
2438,-122.50916043200,37.93000999800
2439,-122.49085478400,37.93956335100
2440,-122.53852031600,37.93558156700
2441,-122.52473615300,37.92359359900
2442,-122.53796128700,37.90932650600
2443,-122.52163422800,37.90009661900
2444,-122.50878956200,37.89317021500
2445,-122.49329733100,37.90370118500
2446,-122.46666793600,37.88735445700
2447,-122.46640881700,37.87322440400
2448,-122.48962835400,37.85929389100
2449,-122.51315434400,37.87056301400
2450,-122.53119721300,37.87397754200
2451,-122.54551892900,37.89513159900
2452,-122.55386914900,37.90881508900
2453,-122.56924697300,37.87526849500
2454,-122.69013946800,37.91940399300
2455,-123.52006300100,38.76137962600
2456,-123.07840416800,38.85314952300
2457,-123.02737581500,38.86055311100
2458,-122.60277235700,38.67845791500
2459,-122.10002327100,38.51654057300
2460,-121.95346566700,38.52921856800
2461,-121.77022832000,38.53808901300
2462,-121.72997637600,38.54345369400
2463,-121.64989821300,38.16253990400
2464,-121.73077983700,38.02742956200
2465,-121.54854572600,37.88390044400
2466,-121.54449295700,37.79509607700
2467,-121.54412733700,37.74483774600
2468,-121.19200140400,37.06314877300
2469,-121.39087367400,36.92162758000
2470,-121.46428933300,36.92575439100
2471,-121.54764246800,36.91134444400
2472,-121.72780059800,36.98924446100
2473,-121.98515583000,37.13787592000
2474,-122.12182469200,37.25390282400
2475,-122.29207351300,37.10670032200
